3,2
3,1
3,3
10,77
10,105
10,155
10,255
10,245
10,259
10,215
10,2
10,3
9,5
8,18
8,17
8,5
8,11
8,14
8,15
8,2
8,3
52,3
52,2
52,1
51,3
51,2
51,1
30,3
30,1
17,3
17,2
20,2
17,1
16,3
20,1
20,3
16,2
16,1
15,3
19,2
15,2
19,1
15,1
14,2
13,2
12,3
19,3
12,2
12,1
11,29
11,28
11,27
11,26
11,25
11,24
11,23
11,22
11,21
11,20
11,19
11,18
11,17
11,16
11,15
11,14
11,13
11,12
11,11
11,10
11,9
11,8
11,7
11,6
11,5
11,4
11,3
11,2
11,1
11,0
10,313
10,311
10,309
10,308
10,305
10,302
10,301
10,298
10,297
10,295
10,293
10,292
10,290
10,289
10,287
10,285
10,284
10,282
10,281
10,280
10,277
10,275
10,273
10,269
10,266
10,236
10,152
10,86
